              precision    recall  f1-score   support

           0       0.55      0.37      0.44     18934
           1       0.00      0.00      0.00      1202
           2       0.41      0.31      0.35     19090
           3       0.00      0.00      0.00      1645
           4       0.52      0.75      0.61     30367

    accuracy                           0.50     71238
   macro avg       0.30      0.29      0.28     71238
weighted avg       0.48      0.50      0.47     71238
              precision    recall  f1-score   support

           0       0.67      0.36      0.46     18934
           1       0.43      0.16      0.24      1202
           2       0.45      0.48      0.46     19090
           3       0.43      0.01      0.01      1645
           4       0.56      0.74      0.63     30367

    accuracy                           0.54     71238
   macro avg       0.51      0.35      0.36     71238
weighted avg       0.55      0.54      0.52     71238
              precision    recall  f1-score   support

           0       0.74      0.38      0.50     18934
           1       0.39      0.23      0.29      1202
           2       0.38      0.74      0.50     19090
           3       0.42      0.10      0.17      1645
           4       0.65      0.50      0.56     30367

    accuracy                           0.52     71238
   macro avg       0.52      0.39      0.40     71238
weighted avg       0.59      0.52      0.52     71238
              precision    recall  f1-score   support

           0       0.73      0.43      0.54     18934
           1       0.36      0.35      0.35      1202
           2       0.37      0.86      0.51     19090
           3       0.51      0.26      0.35      1645
           4       0.74      0.33      0.45     30367

    accuracy                           0.50     71238
   macro avg       0.54      0.44      0.44     71238
weighted avg       0.63      0.50      0.49     71238
              precision    recall  f1-score   support

           0       0.59      0.65      0.61     18934
           1       0.49      0.24      0.32      1202
           2       0.54      0.51      0.52     19090
           3       0.58      0.16      0.24      1645
           4       0.66      0.68      0.67     30367

    accuracy                           0.61     71238
   macro avg       0.57      0.45      0.47     71238
weighted avg       0.60      0.61      0.60     71238
