              precision    recall  f1-score   support

           0       0.58      0.40      0.47     18934
           1       0.00      0.00      0.00      1202
           2       0.41      0.35      0.38     19090
           3       0.00      0.00      0.00      1645
           4       0.53      0.73      0.62     30367

    accuracy                           0.51     71238
   macro avg       0.30      0.30      0.29     71238
weighted avg       0.49      0.51      0.49     71238
              precision    recall  f1-score   support

           0       0.68      0.38      0.49     18934
           1       0.46      0.16      0.24      1202
           2       0.46      0.49      0.47     19090
           3       0.34      0.02      0.03      1645
           4       0.57      0.75      0.65     30367

    accuracy                           0.55     71238
   macro avg       0.50      0.36      0.38     71238
weighted avg       0.56      0.55      0.54     71238
              precision    recall  f1-score   support

           0       0.72      0.44      0.54     18934
           1       0.41      0.23      0.29      1202
           2       0.42      0.69      0.52     19090
           3       0.43      0.08      0.13      1645
           4       0.65      0.59      0.61     30367

    accuracy                           0.56     71238
   macro avg       0.52      0.40      0.42     71238
weighted avg       0.60      0.56      0.55     71238
              precision    recall  f1-score   support

           0       0.61      0.60      0.61     18934
           1       0.45      0.25      0.32      1202
           2       0.38      0.81      0.52     19090
           3       0.55      0.16      0.25      1645
           4       0.79      0.28      0.42     30367

    accuracy                           0.51     71238
   macro avg       0.56      0.42      0.42     71238
weighted avg       0.62      0.51      0.49     71238
              precision    recall  f1-score   support

           0       0.61      0.64      0.63     18934
           1       0.45      0.32      0.37      1202
           2       0.56      0.48      0.52     19090
           3       0.46      0.28      0.35      1645
           4       0.66      0.72      0.69     30367

    accuracy                           0.62     71238
   macro avg       0.55      0.49      0.51     71238
weighted avg       0.61      0.62      0.61     71238
